102 103 545 550 
4 113 292 349 621 660 776 930 1008 1013 1100 
780 1101 
479 482 543 551 
1102 
100 548 
590 1096 
32 72 78 636 779 825 1097 1099 
1094 
731 732 792 862 953 960 1092 1095 
69 
6 37 126 208 214 278 281 518 523 638 639 677 691 836 899 903 915 1006 1047 1072 1074 1081 1082 1086 1088 
782 1089 
1090 
1117 
386 635 826 923 1002 1098 1116 
245 565 
1113 
22 359 437 438 440 446 447 449 753 952 1039 1112 
20 
63 1114 
560 
1111 
12 206 367 436 554 585 625 811 1105 
1104 
174 196 1106 
98 561 568 
992 1130 
0 129 178 179 293 295 318 319 347 368 477 478 490 549 552 556 619 661 929 1007 1012 1131 
513 
668 669 911 913 1127 1128 
755 756 1123 1126 
524 
517 1124 
41 
527 
1122 
520 
414 950 951 1120 
377 1151 
1027 1150 
3 189 296 346 675 1149 
144 146 375 376 387 429 464 563 627 678 743 859 1009 1067 1069 1115 1148 
534 
38 220 222 257 258 264 266 351 409 579 628 648 649 651 652 722 786 807 851 1063 1147 
365 1146 
52 352 496 1145 
531 
194 322 357 373 454 584 763 816 925 1107 1109 1136 1143 
59 
44 45 1125 1142 
97 101 108 109 110 115 980 982 1138 1140 
441 445 459 460 466 468 504 505 535 720 727 1139 
62 
60 
339 571 1032 
610 
569 1033 
611 
489 581 1034 
533 608 
64 
601 1036 
396 615 
622 1020 1037 1038 
613 
1024 
61 618 
845 932 993 1025 
616 
623 
8 640 1030 
1049 
676 1048 
1051 
1052 1053 
188 1055 
369 1010 1041 
824 1040 
182 631 634 
866 874 1043 
1042 
881 1045 
353 458 463 546 783 1044 
637 
139 1066 
654 1064 
401 656 1050 1065 
81 90 120 580 
148 1071 
143 1068 
162 217 218 308 583 
1056 
36 121 335 1057 
487 587 
229 1062 
255 1060 
1061 
1078 1083 
593 
589 
413 530 539 1028 1029 1079 1080 
781 1087 
599 
185 693 1084 
1075 
600 
150 672 674 1073 
9 15 212 603 
602 
605 
33 34 83 87 130 195 305 1077 
1076 
442 606 
141 280 380 614 701 703 
173 
127 642 
588 670 
665 
666 
176 
1153 
13 53 54 56 76 105 107 165 231 241 242 474 491 492 555 576 596 609 643 645 791 809 848 995 1046 1093 1129 1152 
745 
1157 
200 201 203 304 412 497 1154 1155 1156 
238 633 810 813 1103 1135 1159 
209 1161 
650 1160 
735 736 737 
65 526 574 744 916 1162 
1163 1164 1165 
124 418 419 739 740 
71 133 151 171 249 450 1168 
420 421 422 741 761 762 
1169 
92 117 118 301 302 312 313 385 392 485 629 632 655 1059 1170 
1171 
7 23 43 49 50 75 114 116 119 149 157 166 167 168 169 172 175 183 186 191 197 216 223 224 225 233 235 236 237 239 244 256 262 267 268 270 271 272 329 337 340 354 358 362 364 366 370 374 400 403 428 455 461 483 486 506 507 521 536 537 573 578 586 591 592 604 607 653 671 673 679 690 696 714 721 723 724 725 726 800 801 806 819 821 828 838 857 871 894 895 897 907 920 924 968 979 1031 1058 1085 1091 1121 1137 1141 1158 1172 
564 1173 
42 180 480 699 1174 
10 93 111 125 154 192 202 336 341 350 355 594 749 794 861 877 878 892 969 986 1110 1144 1175 
1176 
754 
1035 1177 
211 213 
134 473 557 688 1178 
18 19 21 25 26 39 46 48 67 73 84 128 135 136 156 158 181 215 221 226 227 228 251 252 253 282 286 289 299 310 317 326 332 408 410 411 415 467 476 508 522 525 575 617 644 667 680 689 692 709 710 728 738 750 751 752 822 880 896 898 944 964 967 971 972 977 988 989 990 991 1016 1026 1108 1118 1119 1132 1133 1134 1167 1179 
30 31 686 1180 
14 210 
5 16 187 243 269 297 338 343 398 444 542 566 567 624 647 659 662 664 683 719 804 808 927 1004 1014 1182 
17 35 47 55 57 58 68 86 88 89 94 309 407 494 529 562 684 746 777 837 853 875 885 1183 
246 713 
712 
328 685 715 
27 51 74 79 137 138 142 147 155 160 161 219 247 274 277 279 283 284 287 290 291 294 311 316 356 378 382 383 391 443 493 495 499 510 519 547 558 570 597 598 646 663 681 687 697 795 797 846 850 883 958 963 1000 1054 1070 1166 1181 1184 
711 717 
716 
718 
170 707 
140 145 733 
80 91 288 384 734 
240 
472 823 
817 
803 829 
831 
805 830 
259 260 275 285 
802 
812 
814 
122 
159 790 
307 
503 789 
788 
306 
785 
273 784 
314 315 
775 
695 700 702 704 705 706 708 764 766 767 768 770 771 773 
882 
884 
887 
234 886 
869 889 
888 
891 
890 
254 572 818 864 
865 
95 325 327 
177 868 
320 323 
872 873 
852 879 
849 
371 456 855 
854 
856 
863 
379 
342 344 858 860 
193 834 
198 250 361 457 772 832 
748 833 
131 132 321 324 462 698 835 839 
842 
843 
104 230 559 641 840 
841 
847 
956 
957 
152 153 937 959 
954 
948 
402 
949 
945 
946 
947 
405 
941 
106 940 
943 
112 595 942 
399 
936 
939 
190 330 333 397 
938 
933 
431 432 931 934 
390 
389 
199 406 926 
426 757 922 
232 248 423 424 425 577 682 729 758 759 760 921 
918 
265 276 787 917 
24 334 906 914 
912 
439 
28 261 263 303 331 388 488 501 626 630 694 796 820 827 910 
909 
908 
905 
99 184 544 657 867 904 
417 
416 
532 582 893 902 
815 901 
538 900 
204 205 540 541 798 799 1017 1018 
870 919 1003 1019 
1021 
11 29 475 
1022 
207 372 844 935 996 1023 
470 
1 298 348 620 658 928 1005 1011 
469 
2 300 345 1015 
1001 
123 453 
994 
434 435 451 452 
77 363 381 553 793 876 997 
999 
85 998 
433 448 
987 
509 
96 747 778 984 
404 730 985 
511 
360 978 
500 
502 
528 765 976 
66 983 
70 82 498 
981 
742 970 
514 975 
394 515 974 
516 973 
962 
484 
163 164 393 395 427 430 465 471 961 
481 
40 512 966 
612 965 
	precision:	99.13363	recall:	8.409093	F1:	15.50312
