7 
10 
11 
15 
18 
25 
27 
26 
28 
30 
32 
33 
38 
35 36 
43 
46 
44 
45 
55 
54 
53 
58 
62 63 
61 
59 60 
68 
69 
64 
65 
66 67 
77 78 
79 
71 72 
73 
74 
75 
85 
87 
86 
80 
81 82 
93 
84 89 
88 
90 
101 102 103 
100 
98 
70 92 94 95 96 
97 
110 
41 111 
107 108 
109 
47 48 106 
104 
105 
119 
1 118 
117 
116 
114 115 
112 113 
127 
126 
125 
83 124 
123 
122 
120 121 
133 134 135 136 137 138 139 140 141 
143 
13 42 142 
129 
128 
131 
130 
132 
149 152 
153 
154 
155 
34 156 
20 21 23 24 157 158 
0 159 
144 145 
146 
147 
6 148 
150 151 
170 171 
9 16 169 
168 
175 
8 12 14 174 
173 
172 
22 162 
2 3 161 
160 
167 
166 
165 
163 164 
186 
187 
184 
37 39 40 49 50 51 52 56 57 76 91 99 185 
29 31 190 
191 
5 17 188 
189 
19 178 
179 
176 
4 177 
182 
183 
180 
181 
196 
193 
192 
195 
194 
	precision:	89.672005	recall:	25.756805	F1:	40.018852
