0 
2 3 
4 
5 9 16 17 19 65 76 124 167 169 170 171 172 173 175 176 182 185 195 
6 
1 7 
8 
10 
11 
12 
13 
14 
15 
18 
20 21 23 24 
22 
25 
26 
27 
28 29 30 31 
32 
33 
38 39 40 41 51 52 53 54 55 56 57 58 62 63 64 70 71 72 73 80 81 82 84 87 89 91 92 98 99 101 102 103 104 112 113 114 115 116 
44 88 
47 48 49 50 75 106 
43 45 61 68 74 85 86 93 97 107 108 
66 67 
69 
37 42 77 78 79 83 94 95 96 109 110 111 118 186 
90 
34 35 36 46 100 
59 60 105 
117 
119 120 121 122 
123 
125 
126 
128 
129 
130 
131 
132 
133 134 135 136 137 138 139 140 141 
142 
143 
144 145 
127 146 147 148 149 150 151 152 153 154 155 156 157 158 159 160 
161 
162 
163 164 
165 
166 
168 
174 
177 178 179 180 184 
181 183 
187 
188 
189 
190 191 
192 
193 
194 
196 
	precision:	90.368416	recall:	46.26673	F1:	61.20023
